Computing Vina grid ... done.
Performing local search ... done.
setting receptor_____
setting ligand_______
best_final.pdbqt	energy score: -3.193

docking_function__________
Performing docking (random seed: 270698618) ... 
0%   10   20   30   40   50   60   70   80   90   100%
|----|----|----|----|----|----|----|----|----|----|
***************************************************

mode |   affinity | dist from best mode
     | (kcal/mol) | rmsd l.b.| rmsd u.b.
-----+------------+----------+----------
   1     -0.07885          0          0
   2     -0.07717      5.395       13.6
   3     -0.07639      56.87      66.97
   4      -0.0763      33.37      42.63
   5     -0.07393      53.01      61.55
   6     -0.07221      17.85      27.22
   7     -0.07202      29.59      37.45
   8     -0.07108      19.43      23.26
   9     -0.06879      46.57      52.47
  10       -0.067      47.88      55.66
  11     -0.06669      48.27      53.51
  12     -0.06648      45.17      52.28
  13     -0.06597      28.09      33.54
  14     -0.06588      10.66       16.2
  15     -0.06574      67.01       69.8
  16     -0.06542      30.93       36.8
  17     -0.06498      34.16      40.74
  18     -0.06469      35.58      40.11
  19      -0.0646      26.09      31.26
  20     -0.06444      52.33      56.34
  21     -0.06442      49.89      55.44
  22      -0.0632      31.27      35.14
  23     -0.06266      38.28      47.71
  24     -0.06042         42      50.96
  25      -0.0599      41.32       45.5
  26     -0.05942      60.29      69.68
  27     -0.05834      37.27      47.73
  28     -0.05833      50.48      60.89
  29     -0.05826      23.58      32.52
  30     -0.05822      46.96      51.76
  31     -0.05753       19.8      28.54
  32     -0.05711      47.16      52.18
  33     -0.05671       64.5      71.73
  34     -0.05663      38.94      44.96
  35     -0.05571      15.43      24.33
  36     -0.05565      22.77      26.76
  37     -0.05468      16.63      22.55
  38     -0.05425      21.72      27.02
  39     -0.05329      18.28      23.69
  40     -0.05171      37.84      41.11
  41     -0.05073      64.85      72.68
  42     -0.05061      44.49      52.47
  43     -0.05042      31.74      38.35
  44     -0.04997      39.86      46.79
  45     -0.04909      31.71      39.24
  46     -0.04731      20.16       26.6
  47     -0.04727      11.58      18.78
  48     -0.04634       23.8      32.28
  49     -0.04625      67.34      79.13
  50     -0.04548      44.36      51.65
  51     -0.04522      9.578      15.18
  52     -0.04488      31.12      39.31
  53     -0.04424      28.23      33.42
  54       -0.044      39.83      48.85
  55     -0.04287      22.25       30.9
  56     -0.03965      39.36      49.38
  57     -0.03958      24.34      31.58
  58     -0.03909       34.9      41.63
  59     -0.03881      24.91      30.59
  60     -0.03871       41.7      51.28
  61     -0.03743      43.19      51.55
  62     -0.03484       49.4       58.4
  63     -0.03325      29.07      34.64
  64     -0.03222      20.37      28.07
  65     -0.03212      24.97      33.81
  66     -0.02983      15.18      21.61
  67     -0.02968       46.5      53.24
  68      -0.0292      33.95      40.04
  69     -0.02467      27.11         33
  70     -0.02367      52.99      61.02
  71     -0.02074      48.93      54.34
  72     -0.01961      10.54      17.56
  73     -0.01684      46.74      54.71
  74     -0.01469      41.44      47.12
  75     -0.01288      52.57      58.97
  76     -0.01217      32.33      40.56
  77     -0.01102      52.79      60.41
  78     -0.01067      46.53      52.95
  79    -0.009481      54.36      59.55
  80    -0.008708      48.57      53.88
  81    -0.008126      30.11      37.91
  82    -0.007832      32.86      42.41
  83    -0.007701       34.9      41.15
  84    -0.006486      39.34      48.68
  85    -0.005218      42.95      47.89
  86     -0.00481       54.6      62.91
  87    -0.003526      46.82      54.14
  88    -0.002816      68.08      78.27
  89    -0.002532      43.34      51.34
  90    -0.001189      48.45      52.92
  91    -0.0008186      59.88      69.05
  92    -0.0007418      39.21      45.47
  93    -0.000603      24.38      30.88
  94    -0.0003594      60.12      69.42
  95    -0.0003231      54.38      59.59
  96            0      43.92      51.63
  97    0.0005688      52.18      57.73
  98     0.001265      16.22      19.87
  99     0.001422      52.69      59.43
 100     0.003334      49.69      55.26
